image: map.pgm
resolution: 0.050000
origin: [-10.954435, -3.712659, 0.000000]
negate: 0
occupied_thresh: 0.65
free_thresh: 0.196

